1.39
1.40
1.41
2.42
2.43
2.44
3.45
3.46
3.47
3.48
4.29
4.30
4.31
4.32
5.26
5.27
5.28
6.33
6.34
6.35
7.36
7.37
7.38
1.167
1.168
1.169
2.170
2.171
2.172
2.173
3.174
3.175
3.176
4.158
4.159
4.160
5.155
5.156
5.157
6.161
6.162
6.163
7.164
7.165
7.166
1.17
1.18
1.19
2.20
2.22
3.23
3.24
3.25
4.4
4.5
4.6
4.7
5.1
5.2
5.3
6.9
6.10
6.11
6.13
7.14
7.15
7.16
1.83
1.84
1.85
2.86
2.87
2.88
3.89
3.90
3.91
4.74
4.75
5.71
5.72
5.73
6.77
6.78
6.79
7.80
7.81
7.82
1.125
1.126
1.127
2.128
2.129
2.130
3.131
3.132
3.133
4.116
4.117
4.118
5.113
5.114
5.115
6.119
6.120
6.121
7.122
7.123
7.124
1.211
1.212
1.213
2.214
2.215
2.216
3.217
3.218
3.219
4.202
4.203
4.204
5.199
5.200
5.201
6.205
6.206
6.207
7.208
7.209
7.210
1.104
1.105
1.106
2.107
2.109
3.110
3.111
3.112
4.95
4.96
4.97
5.92
5.93
5.94
6.98
6.99
6.100
7.101
7.102
7.103
1.190
1.191
1.192
2.193
2.194
2.195
3.196
3.197
3.198
4.180
4.181
4.182
5.177
5.178
5.179
6.184
6.185
6.186
7.187
7.188
7.189
1.146
1.147
1.148
2.149
2.150
2.151
3.152
3.153
3.154
4.137
4.138
4.139
5.134
5.135
5.136
6.140
6.141
6.142
7.143
7.144
7.145
1.61
1.62
1.63
2.64
2.65
2.66
3.67
3.68
3.69
3.70
4.52
4.53
4.54
5.49
5.50
5.51
6.55
6.56
6.57
7.58
7.59
7.60
